site	subsite	easting	northing	presence	pprim_ssite	psec_ssite	phss_5km	phss_2.5km	phss_1km	pm_5km	pm_2.5km	pm_1km	pdens_5km	pdens_2.5km	pdens_1km	edens_5km	edens_2.5km	edens_1km	rdens_5km	rdens_2.5km	rdens_1km
1	1	510396	7081160	1	0.00	20.00	9.55	2.27	7.58	12.86	26.84	86.76	0.30	0.25	0.64	13.67	15.36	14.36	310.40	280.74	32.91
1	2	510356	7081052	1	0.00	15.00	9.88	2.56	8.90	12.90	27.15	85.39	0.30	0.25	1.59	13.75	15.78	12.41	321.27	307.73	48.91
1	3	510329	7080920	1	0.00	0.00	10.08	2.85	9.61	13.00	27.50	84.59	0.29	0.41	0.95	13.85	16.50	13.26	325.83	337.16	44.38
2	4	509556	7080313	1	0.00	5.00	13.80	6.45	9.04	14.12	30.60	56.94	0.32	0.61	1.91	15.51	25.98	36.42	475.80	538.97	839.48
2	5	509587	7080192	1	0.00	15.00	13.64	6.90	9.76	14.23	30.74	55.76	0.33	0.71	1.91	15.68	26.42	33.90	472.16	560.41	889.16
2	6	509648	7080109	1	0.00	15.00	13.33	7.10	10.64	14.28	30.73	54.60	0.33	0.61	1.27	15.72	26.55	31.34	457.39	557.35	913.41
3	7	508890	7074388	1	0.00	0.00	19.12	15.47	27.38	14.64	24.90	59.78	0.31	0.25	0.64	17.07	17.30	16.87	248.00	157.77	51.39
3	8	508958	7074415	1	0.00	0.00	18.56	15.51	27.94	14.57	24.90	61.41	0.32	0.15	0.64	16.94	17.10	16.36	243.44	155.68	58.88
3	9	509037	7074397	1	0.00	0.00	17.91	15.49	27.13	14.56	25.01	62.61	0.31	0.20	0.64	16.74	17.20	16.63	227.09	174.66	68.41
4	10	508494	7073626	0	0.00	0.00	20.73	14.47	23.80	15.28	27.25	49.04	0.32	0.20	0.32	17.17	18.10	16.41	241.39	149.42	89.79
4	11	508549	7073747	1	55.00	0.00	20.68	14.44	24.25	15.17	27.28	50.74	0.28	0.20	0.32	17.23	18.14	17.75	233.25	143.76	93.11
4	12	508549	7073862	1	65.00	0.00	20.92	14.33	24.96	15.13	27.23	51.12	0.27	0.20	0.32	17.47	18.27	15.34	233.92	137.00	68.59
5	13	506649	7078146	0	0.00	0.00	28.15	25.13	37.15	17.11	9.94	16.74	0.50	1.17	1.59	26.20	35.79	59.01	886.21	1057.35	1013.69
5	14	506696	7078235	0	0.00	0.00	27.79	24.81	35.48	17.30	10.48	15.65	0.50	1.32	1.91	25.97	35.68	56.11	882.81	1072.20	987.06
5	15	506713	7078352	0	5.00	0.00	27.67	24.59	34.01	17.39	11.32	12.87	0.50	1.27	2.55	25.74	35.99	53.00	890.88	1096.10	991.61
6	16	500624	7079672	1	0.00	15.00	49.29	62.83	65.90	8.23	5.87	1.26	0.56	0.87	1.59	40.89	32.47	36.12	1473.74	1714.60	2701.77
6	17	500504	7079655	0	0.00	0.00	48.86	63.36	70.86	8.23	5.09	2.00	0.61	1.12	2.55	41.36	33.28	34.66	1450.50	1664.47	2417.22
6	18	500399	7079669	1	0.00	10.00	48.58	64.13	74.89	8.22	4.61	2.30	0.59	1.07	0.32	41.69	34.03	35.74	1444.17	1675.93	2374.72
7	19	501238	7080569	0	30.00	0.00	49.74	59.10	45.00	8.30	6.24	0.00	0.59	0.76	1.59	38.39	26.67	43.48	1540.43	2149.51	2705.63
7	20	501158	7080599	0	20.00	0.00	49.56	59.80	46.84	8.28	6.11	0.00	0.56	0.56	1.59	38.65	26.59	43.37	1538.46	2180.37	2552.04
7	21	501040	7080615	0	0.00	0.00	49.33	61.01	49.97	8.26	5.93	0.00	0.57	0.46	1.59	38.90	26.71	44.84	1532.35	2212.09	2635.88
8	22	500648	7081132	1	0.00	35.00	49.24	61.49	77.02	7.57	5.51	0.67	0.71	0.51	0.64	38.10	27.70	31.34	1540.15	2270.08	956.24
8	23	500525	7081084	0	0.00	65.00	49.00	62.76	77.80	7.60	5.12	0.26	0.73	0.56	0.96	38.54	28.82	33.15	1522.54	2281.00	974.95
8	24	500403	7081087	1	0.00	40.00	49.10	63.92	79.07	7.56	4.77	0.00	0.66	0.56	1.27	38.82	29.33	30.62	1505.37	2294.16	973.41
9	25	499835	7078117	0	0.00	0.00	44.25	57.62	66.55	5.88	4.90	9.38	0.56	1.32	1.27	39.30	51.12	38.19	1289.73	1402.28	1054.40
9	26	499803	7078247	1	10.00	15.00	44.41	58.02	66.50	5.88	4.72	10.52	0.59	1.02	1.27	39.58	50.64	37.78	1303.65	1413.46	1082.56
9	27	499812	7078381	1	25.00	0.00	44.68	58.32	68.71	5.93	4.58	10.52	0.62	0.97	1.91	39.86	49.96	32.74	1309.65	1453.97	1009.18
10	28	502407	7078460	0	0.00	15.00	49.66	45.24	37.38	8.48	11.56	32.65	0.60	0.87	0.64	36.33	36.86	30.08	1472.49	1429.44	1468.65
10	29	502520	7078436	0	0.00	0.00	49.34	44.50	36.80	8.49	11.58	35.01	0.64	0.87	0.64	35.97	36.29	30.99	1472.59	1490.39	1566.95
10	30	502423	7078574	0	5.00	5.00	50.01	44.16	35.05	8.77	11.37	30.47	0.62	0.71	1.59	36.43	36.97	28.65	1509.62	1574.83	1261.13
11	31	496888	7082680	1	5.00	10.00	49.22	67.31	75.83	8.02	1.32	0.99	0.59	0.71	1.91	39.01	37.88	23.19	1114.04	1097.68	2459.38
11	32	496963	7082574	1	0.00	0.00	49.21	68.07	76.37	7.64	1.32	0.29	0.55	0.81	0.95	39.27	36.90	21.10	1108.14	1088.36	2374.24
11	33	497034	7082489	0	5.00	0.00	49.17	68.76	76.33	7.31	1.32	0.00	0.51	0.61	0.95	39.42	36.35	20.83	1117.32	1074.19	2164.78
12	34	493861	7086395	1	0.00	5.00	48.10	54.92	64.89	11.63	28.08	35.11	0.57	0.15	0.32	39.22	22.24	0.00	1107.59	1078.79	218.87
12	35	493852	7086503	0	0.00	0.00	47.79	54.81	64.12	11.69	28.02	35.88	0.52	0.15	0.32	39.48	22.08	0.00	1125.12	1117.83	226.98
12	36	493838	7086573	0	0.00	0.00	47.56	54.62	64.62	11.74	27.89	35.38	0.61	0.15	0.32	39.64	21.72	0.00	1130.15	1129.89	226.98
13	37	493005	7087882	1	5.00	15.00	40.34	50.94	83.48	13.82	12.00	0.65	0.69	0.71	0.64	39.23	33.86	19.32	1057.58	1104.05	2674.37
13	38	492887	7087889	0	0.00	30.00	39.81	50.80	80.08	14.05	11.44	0.00	0.62	0.76	0.32	39.05	34.77	20.02	1058.62	1131.68	2650.06
13	39	492821	7087865	0	5.00	20.00	39.52	50.77	78.04	14.14	11.44	0.00	0.76	0.66	0.32	39.11	34.54	20.66	1058.41	1176.56	2716.97
14	40	492367	7086418	0	0.00	10.00	44.79	57.66	64.84	12.25	13.85	10.99	0.62	0.46	0.95	38.51	30.51	26.21	975.35	1309.94	2029.15
14	41	492461	7086405	0	0.00	0.00	45.08	57.81	68.26	12.12	14.87	10.84	0.62	0.41	0.96	38.42	30.15	23.37	985.12	1205.30	1849.81
14	42	492554	7086431	0	5.00	5.00	45.21	57.54	72.49	12.15	15.96	9.37	0.65	0.41	0.95	38.51	30.07	21.13	991.91	1171.43	1765.14
15	43	495374	7083413	0	0.00	0.00	48.42	63.54	83.49	10.24	5.39	1.20	0.64	0.51	1.59	35.44	43.26	30.43	918.14	1075.01	410.87
15	44	495407	7083287	0	0.00	15.00	48.32	64.06	84.99	10.06	4.05	1.21	0.65	0.46	0.95	35.65	43.62	30.35	903.44	1082.47	428.84
15	45	495351	7083170	1	5.00	0.00	48.07	64.34	81.15	9.93	2.81	1.19	0.61	0.51	2.55	35.85	44.12	29.89	902.89	1083.22	455.46
16	46	488626	7082705	1	5.00	10.00	40.61	57.61	60.63	5.56	9.36	22.22	0.81	0.46	0.32	46.16	37.32	33.51	855.95	597.59	553.35
16	47	488734	7082683	1	0.00	5.00	40.83	58.07	63.47	5.57	9.53	19.19	0.71	0.46	0.32	46.03	36.66	32.82	856.28	609.11	590.76
16	48	488840	7082679	0	0.00	0.00	41.14	58.43	67.61	5.60	9.66	15.54	0.75	0.46	0.32	46.14	36.33	32.61	846.11	613.64	550.43
17	49	489202	7083394	1	5.00	30.00	43.27	58.55	76.41	5.35	9.79	2.07	0.79	0.31	0.96	45.92	31.29	45.39	920.07	627.33	503.41
17	50	489311	7083358	1	10.00	5.00	43.52	59.03	75.53	5.31	9.86	1.11	0.71	0.41	0.64	45.68	31.69	42.35	913.70	618.12	439.14
17	51	489392	7083343	0	10.00	0.00	43.75	59.57	75.12	5.29	9.90	0.44	0.67	0.71	0.32	45.61	31.93	40.19	905.60	610.04	359.89
18	52	488688	7083410	1	0.00	20.00	42.31	55.14	73.79	5.59	10.10	8.00	0.67	0.51	0.32	46.71	34.90	42.40	893.64	599.14	682.48
18	53	488691	7083533	1	25.00	20.00	42.28	54.32	72.20	5.61	10.10	6.60	0.70	0.66	0.32	46.51	34.66	44.82	909.25	657.75	736.28
18	54	488672	7083679	0	0.00	25.00	42.09	52.83	68.88	5.61	9.94	5.51	0.76	0.66	0.64	46.24	35.19	46.22	986.71	814.02	751.92
19	55	487770	7081774	0	0.00	0.00	37.12	52.06	42.78	6.84	8.30	35.45	0.88	1.17	1.27	48.28	47.08	39.25	746.89	634.23	467.42
19	56	487875	7081728	0	0.00	0.00	36.89	52.77	47.03	6.66	8.40	34.74	0.92	1.07	1.59	47.67	46.92	37.38	745.14	638.51	554.70
19	57	487981	7081722	1	0.00	0.00	36.78	53.22	49.67	6.49	8.46	34.49	0.90	0.92	0.95	47.08	46.13	34.11	762.95	622.06	755.58
20	58	488789	7079949	1	0.00	5.00	29.17	45.70	70.06	6.68	4.84	0.32	0.99	0.92	1.27	42.97	48.60	58.06	545.03	657.73	690.80
20	59	488749	7079852	1	0.00	25.00	28.47	44.35	69.64	6.75	4.66	0.20	1.06	0.97	2.23	43.17	48.33	59.75	541.82	674.71	746.90
20	60	488711	7079738	1	0.00	35.00	27.72	42.86	68.75	6.79	4.34	0.20	1.12	1.43	3.50	43.46	48.29	60.66	533.25	692.57	625.51
21	61	490899	7082582	0	0.00	0.00	47.56	57.47	59.65	5.43	3.02	0.00	0.61	0.36	0.32	41.02	37.10	27.54	829.04	684.04	1034.58
21	62	490804	7082544	1	0.00	10.00	47.04	57.84	60.17	5.30	3.47	0.00	0.65	0.46	0.32	41.31	37.15	25.80	807.89	683.55	996.98
21	63	490700	7082580	1	0.00	25.00	46.70	58.44	59.18	5.29	4.04	0.00	0.62	0.51	2.23	41.56	37.23	23.16	813.06	682.39	1046.14
22	64	489276	7084185	0	0.00	10.00	42.62	56.03	75.67	5.54	8.95	0.00	0.80	0.46	1.59	43.32	33.25	28.84	1021.49	830.54	779.89
22	65	489274	7084038	0	0.00	5.00	42.79	56.63	77.68	5.43	9.29	0.00	0.79	0.31	0.32	43.82	32.30	32.78	986.04	828.16	702.65
22	66	489232	7083895	0	0.00	0.00	42.78	56.98	78.43	5.40	9.68	0.29	0.74	0.25	0.32	44.46	31.24	37.18	978.66	808.52	625.42
23	67	487816	7083994	1	5.00	10.00	39.49	44.02	57.24	6.19	8.83	9.22	0.90	1.12	1.27	46.69	40.71	36.36	979.56	902.70	513.75
23	68	487792	7083878	0	0.00	15.00	39.61	44.13	57.98	6.17	8.88	11.73	0.80	1.22	0.95	46.68	40.89	39.82	974.02	851.44	526.45
23	69	487776	7083781	1	15.00	30.00	39.72	44.28	58.14	6.12	9.02	13.64	0.89	0.92	0.96	46.63	40.39	42.35	942.01	825.55	510.11
24	70	498257	7091461	0	5.00	0.00	38.09	36.64	45.70	7.12	2.47	0.00	0.41	0.36	0.64	23.20	22.07	26.71	737.96	1173.10	1599.80
24	71	498220	7091555	1	5.00	0.00	37.42	36.36	50.30	6.98	2.69	0.00	0.42	0.36	0.32	23.36	21.90	26.77	730.13	1139.01	1556.79
24	72	498264	7091688	0	5.00	0.00	36.75	35.16	55.53	6.71	2.99	0.00	0.47	0.36	0.95	23.28	21.61	28.65	720.07	1020.43	1573.98
25	73	502044	7082475	0	0.00	0.00	51.85	41.29	49.21	10.24	14.45	30.22	0.55	0.71	0.32	28.40	33.26	35.47	1520.47	2237.99	2909.54
25	74	502037	7082362	0	0.00	0.00	51.63	41.40	50.73	10.17	14.55	26.04	0.47	0.61	0.32	28.70	33.00	36.49	1543.46	2264.59	2860.93
25	75	502039	7082231	0	0.00	0.00	51.27	41.35	51.99	10.04	14.57	21.24	0.50	0.81	0.64	29.03	32.93	35.06	1553.26	2294.63	2605.42
26	76	502770	7082479	0	0.00	0.00	47.11	41.32	38.37	11.41	17.03	35.49	0.46	0.71	0.32	26.45	32.56	27.22	1442.91	2158.54	1797.33
26	77	502670	7082502	0	0.00	0.00	47.76	41.23	38.88	11.34	16.59	37.21	0.50	0.61	0.32	26.99	32.69	28.93	1454.95	2161.26	2031.55
26	78	502571	7082506	0	0.00	0.00	48.49	41.08	38.68	11.28	16.18	38.01	0.45	0.71	0.32	27.37	32.91	31.55	1466.01	2155.62	2207.41
27	79	502786	7083218	1	0.00	0.00	48.57	40.90	26.38	10.32	14.83	50.97	0.42	0.56	0.64	26.34	31.76	20.45	1371.53	1891.45	1286.21
27	80	502842	7083299	0	0.00	0.00	48.35	40.40	22.98	10.22	14.96	50.94	0.38	0.71	1.59	26.30	31.60	20.12	1372.01	1824.63	1248.39
27	81	502924	7083350	1	20.00	0.00	47.81	39.94	22.51	10.20	15.09	50.25	0.42	0.87	0.95	25.92	31.44	22.52	1365.13	1805.81	1267.23
28	82	501348	7086360	1	5.00	0.00	52.99	55.77	79.44	11.99	1.53	2.39	0.47	0.61	0.32	27.35	29.64	27.29	1071.29	764.91	797.33
28	83	501307	7086424	0	5.00	0.00	52.80	56.57	81.94	12.10	1.49	2.39	0.41	0.56	0.32	27.18	29.67	25.98	1049.59	761.54	755.78
28	84	501292	7086523	0	5.00	0.00	52.46	57.92	85.82	12.18	1.48	2.39	0.42	0.51	0.95	26.88	29.37	21.93	1026.23	779.86	804.55
29	85	483911	7084018	1	0.00	15.00	23.89	44.57	73.65	7.55	3.52	0.00	1.01	1.63	0.96	44.86	50.59	44.29	665.12	770.75	328.13
29	86	483799	7084049	1	0.00	45.00	23.67	44.70	76.64	7.40	3.70	0.00	0.98	1.38	1.27	45.08	49.98	39.91	653.69	718.26	328.82
29	87	483691	7084024	0	0.00	15.00	23.55	44.52	80.76	7.29	3.91	0.00	1.03	1.02	1.27	45.29	49.67	33.52	643.60	690.50	374.22
30	88	481852	7083787	1	5.00	30.00	21.31	35.62	49.83	5.53	6.73	1.80	1.10	1.38	0.64	43.48	39.81	31.03	486.05	202.48	404.19
30	89	481947	7083754	1	30.00	15.00	21.40	36.17	52.88	5.66	6.81	1.59	1.08	1.32	0.64	43.60	39.68	30.40	500.06	197.86	396.06
30	90	481995	7083678	1	0.00	0.00	21.42	36.44	51.96	5.78	6.92	1.17	1.17	1.32	0.64	43.74	39.22	29.35	498.45	209.68	353.83
31	91	483234	7074217	1	15.00	0.00	25.13	35.29	57.94	12.89	10.10	2.60	1.29	1.68	2.23	40.45	40.77	36.55	219.98	317.82	585.51
31	92	483321	7074217	1	0.00	0.00	25.12	35.33	58.06	12.78	10.28	1.99	1.25	1.48	4.46	40.67	41.54	39.39	216.47	310.75	585.51
31	93	483116	7074224	1	10.00	10.00	25.17	35.31	57.21	13.02	9.78	3.66	1.18	1.58	1.27	40.06	40.01	34.11	223.00	325.29	575.51
32	94	483291	7071968	1	15.00	10.00	29.51	62.46	71.13	5.85	6.19	7.59	0.84	0.66	0.32	30.14	18.61	11.20	184.47	229.13	265.18
32	95	483370	7071932	1	5.00	0.00	29.51	61.90	72.97	5.70	6.52	7.46	0.85	0.71	0.32	29.96	19.34	11.38	198.00	207.37	243.32
32	96	483470	7071905	0	10.00	0.00	29.41	61.09	74.17	5.61	6.78	7.36	0.88	0.71	0.32	29.88	19.65	11.32	194.18	190.54	208.96
33	97	483288	7070452	0	5.00	25.00	31.21	53.64	85.32	3.09	7.09	6.43	0.61	0.10	0.32	23.24	15.95	9.34	156.23	123.42	77.28
33	98	483299	7070356	0	15.00	10.00	31.19	51.73	80.40	3.09	7.00	7.69	0.62	0.36	0.32	22.94	15.58	11.16	150.73	109.38	67.19
33	99	483316	7070198	1	0.00	60.00	31.19	49.26	71.95	3.05	6.71	8.63	0.60	0.20	0.32	22.30	14.98	13.67	146.70	85.70	70.76
34	100	481763	7072678	0	20.00	5.00	27.48	48.37	56.89	9.10	5.12	4.67	0.79	0.87	0.32	30.78	21.89	20.83	184.80	325.24	214.89
34	101	481752	7072558	0	5.00	45.00	27.48	49.50	58.16	8.79	4.91	4.64	0.76	0.66	0.32	29.96	20.88	21.15	180.61	287.09	218.55
34	102	481717	7072441	0	10.00	15.00	27.37	49.92	59.77	8.35	4.73	5.29	0.74	0.76	0.32	29.08	19.87	20.55	177.15	281.09	218.55
35	103	478005	7080266	0	0.00	5.00	9.28	13.92	9.13	13.66	17.16	12.91	1.02	0.97	0.95	31.14	35.13	29.49	124.23	151.56	142.43
35	104	477912	7080284	0	0.00	25.00	9.30	13.75	8.90	13.37	17.09	13.81	1.15	0.76	0.96	30.35	35.27	30.48	121.62	137.63	139.19
35	105	477945	7080398	0	0.00	0.00	9.61	13.87	6.27	13.16	16.28	12.64	1.13	0.87	2.23	31.00	35.50	29.35	121.56	149.16	198.67
36	106	478405	7083917	1	35.00	20.00	16.19	20.95	21.55	4.62	3.65	4.22	1.08	1.12	2.23	29.68	41.75	53.33	152.69	115.45	179.62
36	107	478288	7083948	1	35.00	10.00	15.84	21.13	21.54	4.46	3.54	4.20	1.07	1.12	1.91	29.10	41.38	53.75	150.13	108.79	138.31
36	108	478285	7084030	0	45.00	10.00	15.85	21.41	20.79	4.26	3.50	4.19	1.09	1.07	1.91	29.12	40.71	53.08	155.60	103.89	153.44
37	109	482525	7092300	1	5.00	0.00	40.20	69.09	71.23	11.46	18.64	28.77	0.52	0.10	0.32	15.64	5.71	0.00	262.46	61.69	0.00
37	110	482480	7092208	1	5.00	0.00	40.02	69.09	73.86	11.33	18.65	26.14	0.46	0.20	0.32	15.65	5.74	0.00	259.54	83.46	0.00
37	111	482466	7092093	1	15.00	0.00	39.69	68.35	76.99	11.23	18.68	23.01	0.42	0.10	0.32	15.70	5.93	0.00	257.11	100.31	0.00
38	112	482544	7090731	0	0.00	0.00	35.77	55.24	82.21	10.60	10.96	4.93	0.57	0.20	0.95	18.76	12.86	14.24	387.72	198.23	197.09
38	113	482505	7090647	0	10.00	0.00	35.55	54.51	82.06	10.48	10.66	5.19	0.52	0.20	0.32	18.86	12.86	15.13	374.32	235.37	229.94
38	114	482521	7090534	0	15.00	0.00	35.20	52.84	79.71	10.35	9.87	5.23	0.51	0.20	0.32	19.08	13.02	16.67	388.69	260.00	361.33
39	115	482043	7092659	1	5.00	0.00	41.22	75.77	77.64	10.65	20.86	22.36	0.47	0.05	0.32	13.12	2.75	0.00	203.55	40.64	0.00
39	116	481965	7092692	1	0.00	0.00	41.30	76.42	77.80	10.50	21.04	22.20	0.48	0.05	0.32	12.78	2.35	0.00	198.81	46.60	0.00
39	117	481897	7092687	0	0.00	0.00	41.31	76.79	78.06	10.40	21.14	21.94	0.43	0.05	0.32	12.53	2.01	0.00	194.48	46.71	0.00
40	118	484012	7093659	1	15.00	5.00	37.80	45.81	72.77	12.17	22.29	12.56	0.66	0.71	1.59	19.92	18.55	12.54	362.62	130.16	48.21
40	119	483918	7093673	1	15.00	5.00	38.14	47.66	74.70	12.12	22.63	13.65	0.66	0.66	0.64	19.55	18.14	10.07	345.48	121.04	35.90
40	120	483818	7093664	0	0.00	0.00	38.55	49.65	74.49	12.03	22.78	17.05	0.70	0.66	0.95	19.25	17.50	8.48	337.74	110.74	23.59
41	121	499102	7095186	1	5.00	0.00	27.14	27.57	22.55	5.06	4.95	1.21	0.34	0.76	1.91	20.60	21.96	31.56	395.75	203.25	82.52
41	122	499076	7095057	1	5.00	0.00	26.67	28.86	20.96	4.79	5.00	2.47	0.52	0.87	1.91	20.89	21.87	29.95	397.03	217.86	110.14
41	123	499058	7094943	0	0.00	0.00	26.57	29.68	20.08	4.56	5.07	4.19	0.37	0.56	1.59	20.87	21.97	26.99	414.36	245.72	103.97
42	124	496823	7095189	1	20.00	0.00	27.81	35.45	68.73	4.98	13.28	13.56	0.61	0.81	1.27	29.01	37.69	37.26	586.49	721.92	654.17
42	125	496724	7095160	0	0.00	0.00	27.69	35.66	65.37	4.91	13.41	16.65	0.60	0.92	1.27	29.38	38.07	37.96	596.69	756.06	650.39
42	126	496589	7095202	0	5.00	0.00	27.60	35.10	59.25	4.97	13.39	19.19	0.69	1.27	1.91	29.87	38.23	41.73	597.96	767.81	592.42
43	127	481031	7086985	1	0.00	0.00	29.40	18.16	20.29	4.76	3.72	0.52	0.79	1.12	2.87	29.19	32.95	39.56	375.85	332.69	208.11
43	128	480960	7086903	0	5.00	0.00	29.07	18.19	19.34	4.75	3.58	1.10	0.79	1.07	1.59	29.26	33.69	37.43	360.21	312.47	173.73
43	129	480989	7086804	0	5.00	0.00	29.01	18.66	18.94	4.79	3.23	1.92	0.67	1.12	2.23	30.06	33.87	35.38	379.00	303.69	86.30
44	130	487043	7086310	0	15.00	0.00	28.71	19.00	15.30	7.22	4.01	3.23	0.90	1.27	1.27	40.95	43.84	49.38	946.74	1530.83	1430.18
44	131	487032	7086414	0	5.00	0.00	28.17	17.76	15.19	7.18	4.17	2.68	0.83	1.17	1.27	40.65	44.00	47.46	955.51	1615.30	1334.51
44	132	487159	7086526	0	0.00	0.00	27.55	17.61	15.58	7.19	4.28	2.05	0.83	1.27	1.59	40.54	43.40	46.47	961.37	1680.49	1324.20
45	133	486124	7099779	0	15.00	0.00	21.87	26.00	19.49	10.89	4.97	0.19	0.67	1.22	2.23	30.74	41.13	32.31	208.43	141.73	92.57
45	134	485997	7099750	0	10.00	0.00	22.09	26.21	21.48	10.81	4.50	0.03	0.67	1.17	2.23	30.52	40.73	31.36	180.18	165.89	116.17
45	135	485882	7099763	0	10.00	0.00	22.13	26.10	24.76	10.69	4.09	0.00	0.67	1.73	1.59	30.21	40.02	33.76	168.71	165.37	139.76
46	136	485264	7099740	0	10.00	0.00	22.78	25.69	41.38	10.02	2.75	0.00	0.62	0.92	0.64	28.88	37.81	47.01	145.95	148.60	265.83
46	137	485153	7099756	0	0.00	0.00	22.87	25.57	44.45	9.84	2.80	0.00	0.61	0.97	0.64	28.49	37.42	48.78	132.73	151.91	268.41
46	138	485100	7099619	0	0.00	5.00	23.29	24.78	43.51	10.01	3.26	0.38	0.64	1.02	1.91	28.55	37.74	50.04	135.54	160.66	265.07
47	139	491508	7096011	0	5.00	0.00	16.78	17.42	62.47	8.07	2.92	2.02	1.15	1.22	1.59	38.15	36.79	47.16	579.01	731.19	97.91
47	140	491658	7096053	0	20.00	10.00	17.14	17.50	61.21	8.19	2.99	2.69	1.08	1.22	1.27	37.95	37.87	47.65	563.17	746.64	106.88
47	141	491757	7096056	1	5.00	0.00	17.41	17.69	57.26	8.24	3.07	3.04	1.13	1.32	1.27	37.79	37.97	48.89	563.00	718.10	115.84
48	142	503502	7074949	1	0.00	55.00	33.94	53.45	68.79	4.59	5.48	10.07	0.43	0.87	0.96	24.09	30.41	30.64	689.63	939.72	1328.54
48	143	503553	7074834	1	0.00	85.00	33.58	52.51	68.93	4.75	5.21	9.51	0.39	0.92	1.27	23.64	28.96	30.57	680.64	933.26	1381.32
48	144	503640	7074739	0	0.00	85.00	33.16	52.01	70.72	5.14	4.81	8.50	0.39	0.76	0.96	23.32	27.74	29.51	659.95	932.57	1432.18
49	145	490870	7095200	0	5.00	20.00	15.47	21.12	27.82	7.51	2.33	2.99	1.11	0.97	0.64	39.00	31.42	49.96	630.29	738.31	184.03
49	146	490881	7095086	0	20.00	5.00	15.65	22.55	23.46	7.52	2.09	3.20	1.10	0.97	0.64	39.36	30.70	49.58	649.92	681.66	337.31
49	147	490840	7094957	1	20.00	40.00	15.53	24.02	17.50	7.49	2.12	3.20	1.18	0.81	0.64	39.61	30.24	45.43	662.40	647.07	465.06
50	148	490790	7092249	0	10.00	0.00	19.48	23.14	50.60	6.30	9.28	31.38	1.13	1.48	1.27	36.78	40.18	32.14	780.46	589.72	204.28
50	149	490771	7092348	0	0.00	30.00	18.99	22.91	52.72	6.45	9.21	28.58	1.10	1.27	0.64	36.86	39.11	31.98	747.66	604.57	204.28
50	150	490771	7092451	0	0.00	35.00	18.59	22.78	54.84	6.52	9.27	25.59	1.16	1.12	0.96	36.68	38.89	31.51	718.51	604.71	286.03
51	151	490175	7092972	1	0.00	15.00	16.24	17.90	46.68	7.26	9.19	14.61	1.18	1.27	0.95	37.51	33.90	42.62	656.09	573.51	526.79
51	152	490176	7093070	0	0.00	35.00	16.02	17.80	45.79	7.35	9.01	12.81	1.20	1.02	0.96	37.63	33.12	41.02	666.44	604.87	638.08
51	153	490222	7093168	0	0.00	0.00	15.94	17.87	44.44	7.33	8.97	9.93	1.30	1.17	1.27	37.83	32.97	38.34	653.28	601.55	708.49
52	154	493049	7093759	0	0.00	5.00	25.15	22.25	36.30	6.15	3.49	0.50	0.78	1.53	1.27	38.53	38.07	29.11	645.11	639.60	957.86
52	155	493080	7093845	0	35.00	10.00	25.09	21.67	34.96	6.17	3.55	0.51	0.87	1.38	1.59	38.67	36.52	28.38	633.75	681.20	930.97
52	156	493105	7093974	0	5.00	0.00	24.91	20.71	32.66	6.20	3.70	0.48	0.81	1.38	2.23	38.68	35.59	27.30	621.16	685.51	980.57
53	157	496518	7085028	1	15.00	0.00	54.87	45.36	36.04	10.98	21.17	13.65	0.45	0.56	2.23	32.67	40.76	66.78	1108.14	1035.24	2496.73
53	158	496607	7084956	0	0.00	0.00	55.16	45.99	37.03	10.95	19.76	10.26	0.46	0.66	2.23	32.68	41.82	67.59	1109.42	1039.59	2522.30
53	159	496737	7084823	0	0.00	20.00	55.54	47.34	39.51	10.81	17.28	5.03	0.42	0.81	2.55	33.04	42.82	63.44	1101.64	1051.72	2566.54
54	160	497689	7085240	1	40.00	0.00	57.38	38.83	43.43	10.79	10.88	0.83	0.38	1.12	2.86	31.11	44.70	58.68	1039.43	1099.57	677.95
54	161	497793	7085269	1	30.00	0.00	57.10	38.36	43.47	10.92	9.95	0.62	0.36	1.02	2.86	31.02	44.47	56.80	1034.18	1112.61	536.50
54	162	497575	7085231	0	0.00	10.00	57.66	39.51	44.91	10.67	12.15	1.14	0.39	1.02	2.86	31.16	44.89	59.73	1068.06	1092.17	1893.64
55	163	492205	7091481	0	5.00	0.00	27.01	32.88	24.93	7.32	8.21	16.49	0.84	1.22	3.18	36.07	52.79	73.51	1021.26	416.91	380.95
55	164	492345	7091402	0	30.00	0.00	27.59	33.56	22.61	7.79	7.78	14.37	0.87	1.12	3.18	35.76	53.66	76.88	1014.07	399.16	444.78
55	165	492371	7091327	0	0.00	0.00	27.81	33.38	22.21	8.06	7.62	14.02	0.87	1.17	5.41	35.68	53.73	77.70	1002.71	381.91	444.39
56	166	500549	7087731	0	0.00	60.00	46.97	74.39	96.60	12.20	1.76	0.44	0.36	0.25	0.64	24.68	25.37	8.48	951.77	608.49	547.96
56	167	500486	7087573	0	0.00	20.00	46.93	72.11	97.87	12.51	1.49	0.00	0.41	0.46	0.32	25.10	26.11	3.82	971.71	631.26	252.53
56	168	500481	7087469	0	0.00	0.00	47.06	70.55	97.77	12.68	1.57	0.00	0.41	0.56	0.32	25.29	27.66	4.08	999.99	646.12	349.77
57	169	501192	7087741	1	10.00	0.00	48.40	75.61	95.50	12.47	3.52	0.86	0.33	0.31	1.59	23.17	25.32	12.32	685.37	745.63	355.20
57	170	501191	7087835	0	5.00	0.00	48.48	77.24	93.74	12.30	3.62	1.21	0.37	0.31	2.23	23.01	24.75	17.00	699.75	734.70	711.01
57	171	501205	7087933	1	15.00	0.00	48.50	78.69	92.74	12.09	3.87	1.35	0.38	0.41	1.59	22.84	24.28	21.20	706.66	723.38	761.69
58	172	501291	7088484	1	5.00	0.00	48.43	80.91	92.42	10.43	4.77	1.47	0.34	0.15	0.96	21.03	19.77	21.79	739.95	559.57	926.66
58	173	501401	7088467	0	0.00	0.00	48.37	81.31	91.92	10.43	5.45	1.43	0.38	0.15	1.27	20.93	19.83	24.41	703.26	519.73	900.18
58	174	501192	7088456	0	0.00	0.00	48.50	80.45	92.84	10.43	4.28	1.49	0.34	0.15	0.64	21.25	19.83	20.21	746.10	610.09	953.13
59	175	500548	7096716	0	10.00	0.00	35.02	24.95	29.47	8.73	0.23	0.00	0.27	0.66	0.32	18.12	16.10	20.24	140.96	118.97	0.00
59	176	500503	7096788	0	15.00	0.00	35.12	26.08	31.60	8.85	0.31	0.00	0.29	0.61	0.32	18.21	17.13	20.77	139.00	144.44	0.00
59	177	500504	7096910	1	40.00	0.00	35.69	27.82	35.70	8.99	0.53	0.00	0.24	0.61	0.32	18.22	17.86	20.61	129.98	164.16	0.00
60	178	501230	7098205	0	5.00	0.00	42.45	45.31	77.58	10.66	8.06	0.21	0.22	0.36	0.64	15.55	17.10	23.06	65.57	159.58	557.84
60	179	501210	7098099	0	0.00	0.00	41.81	43.51	74.45	10.70	7.39	0.17	0.22	0.31	0.96	15.68	16.81	19.47	72.26	162.28	473.32
60	180	501215	7097994	0	0.00	0.00	41.27	41.73	71.03	10.70	6.70	0.16	0.22	0.31	0.64	15.78	16.85	10.63	77.00	156.87	371.89
61	181	500533	7098224	0	0.00	0.00	41.54	45.97	80.75	10.68	9.64	0.49	0.28	0.41	0.32	17.23	18.51	25.93	94.42	175.12	490.22
61	182	500431	7098216	0	0.00	0.00	41.54	46.22	77.72	10.63	9.40	0.53	0.28	0.36	0.32	17.68	19.15	25.18	102.82	176.27	490.22
61	183	500321	7098218	1	0.00	0.00	41.62	46.44	73.29	10.60	9.25	0.56	0.27	0.41	0.32	18.17	19.52	25.69	122.67	177.13	507.13
62	184	505027	7076497	1	25.00	0.00	34.63	45.82	69.43	12.32	6.86	1.30	0.60	0.71	0.32	28.22	29.97	37.48	897.40	842.50	519.75
62	185	505054	7076614	1	40.00	0.00	34.93	44.89	72.58	12.48	6.82	0.86	0.57	0.81	0.32	28.44	30.65	36.67	915.36	844.66	562.31
62	186	505111	7076705	1	5.00	5.00	35.07	43.73	73.42	12.73	6.71	1.53	0.59	1.12	0.32	28.70	30.71	35.67	924.69	827.38	592.35
63	187	504249	7075705	0	25.00	0.00	33.67	55.60	70.58	7.60	6.87	5.95	0.52	0.61	0.64	25.81	29.69	23.01	762.97	971.14	818.24
63	188	504241	7075542	0	25.00	0.00	33.44	56.62	69.79	7.41	5.93	6.43	0.50	0.51	0.95	25.21	29.29	18.48	736.50	915.21	768.78
63	189	504346	7075520	0	5.00	0.00	33.46	55.36	65.69	7.92	5.34	5.95	0.47	0.51	0.32	25.17	29.16	18.31	733.03	845.45	700.84
64	190	502782	7075752	0	0.00	55.00	36.70	52.51	54.27	4.69	9.67	21.53	0.57	0.76	2.23	26.75	38.73	38.11	905.13	1061.70	2027.99
64	191	502815	7075891	0	0.00	60.00	36.88	53.20	54.27	4.87	10.44	20.20	0.52	0.71	1.59	27.51	39.20	38.66	949.04	1054.57	1826.27
64	192	502867	7076018	0	0.00	55.00	36.96	54.15	52.96	5.12	10.93	18.69	0.52	0.76	2.23	28.29	39.65	37.32	966.83	1050.57	1517.93
65	193	498327	7083360	0	0.00	25.00	51.41	58.56	41.73	9.63	1.36	1.82	0.50	0.71	1.59	37.25	32.23	50.26	1222.68	1487.35	207.10
65	194	498385	7083475	0	0.00	50.00	51.68	57.19	43.73	9.88	1.29	0.97	0.50	0.81	1.59	36.81	33.59	52.35	1214.49	1496.79	175.76
65	195	498406	7083617	0	0.00	95.00	52.05	55.30	43.52	10.21	1.38	0.16	0.53	0.87	1.91	36.22	35.43	50.23	1196.78	1516.87	202.09
66	196	498961	7083896	0	0.00	0.00	52.29	49.62	25.36	10.12	2.37	0.00	0.64	1.12	2.55	34.89	38.25	40.08	1282.85	1592.96	284.05
66	197	498774	7083849	0	0.00	40.00	52.39	51.08	32.56	10.33	2.18	0.00	0.55	0.97	1.91	35.26	37.62	43.48	1242.66	1537.53	319.29
66	198	498628	7083821	0	0.00	70.00	52.42	52.35	38.10	10.45	1.86	0.00	0.50	0.97	1.91	35.44	37.58	46.25	1218.95	1545.09	303.62
67	199	508855	7078160	1	0.00	0.00	15.85	16.56	33.17	16.52	23.32	19.45	0.42	0.87	0.96	20.11	35.14	46.89	498.73	701.65	335.16
67	200	508872	7078065	1	0.00	0.00	15.66	16.50	34.71	16.47	23.03	21.35	0.43	0.87	1.27	19.99	34.93	46.59	488.21	683.07	301.08
67	201	508741	7077945	1	5.00	5.00	16.10	17.28	30.65	16.63	22.40	20.62	0.46	0.92	2.55	20.50	35.35	45.91	505.35	691.40	311.64
68	202	498441	7078539	0	5.00	10.00	42.64	54.80	50.86	5.21	2.75	1.59	0.69	1.27	3.50	37.77	57.62	79.26	1091.67	1178.43	1721.52
68	203	498526	7078441	0	5.00	20.00	42.53	55.20	51.40	5.36	2.78	1.34	0.70	0.76	3.50	37.66	58.04	76.62	1088.82	1212.60	1234.60
68	204	498617	7078418	0	0.00	45.00	42.78	56.16	52.89	5.48	2.75	1.91	0.65	0.71	1.91	37.90	58.04	73.61	1121.03	1241.36	1387.77
69	205	497851	7078751	0	0.00	0.00	41.80	47.35	43.89	4.23	3.92	0.23	0.65	0.87	4.14	36.39	58.08	92.22	975.00	1139.24	1602.67
69	206	497927	7078753	0	15.00	5.00	42.00	48.78	43.85	4.31	3.89	0.41	0.66	0.92	5.41	36.64	58.28	88.27	1000.58	1145.94	1683.69
69	207	498008	7078702	0	15.00	0.00	41.88	49.73	44.82	4.43	3.80	0.52	0.69	0.92	3.50	36.84	59.07	85.52	1019.00	1133.34	1740.15
70	208	480367	7077186	0	0.00	10.00	11.05	8.47	16.56	17.01	33.72	48.19	0.99	1.07	2.23	37.17	45.68	56.58	204.13	127.00	173.74
70	209	480361	7077326	0	0.00	0.00	10.67	8.67	17.71	17.37	33.93	44.34	0.99	1.02	1.59	37.55	44.76	56.49	200.43	134.97	201.76
70	210	480315	7077394	0	0.00	0.00	10.40	8.82	18.32	17.47	34.06	42.52	1.03	1.02	1.59	37.56	44.00	52.94	197.19	137.74	229.78
71	211	489919	7084630	0	0.00	0.00	43.60	55.01	72.46	7.10	8.08	5.03	0.73	0.51	0.95	40.48	38.11	28.23	952.45	849.48	701.54
71	212	489885	7084774	1	0.00	25.00	43.27	53.27	77.24	7.32	8.16	2.59	0.69	0.51	0.32	40.20	38.79	27.52	987.33	883.62	702.49
71	213	489927	7084850	0	0.00	5.00	43.28	52.63	78.40	7.56	8.46	2.44	0.65	0.46	0.32	39.99	39.14	28.84	981.74	893.62	695.86
72	214	497080	7077615	0	45.00	0.00	33.83	25.52	21.30	3.12	5.46	5.03	0.64	1.32	2.87	34.38	56.73	56.65	680.25	901.53	514.23
72	215	497090	7077723	0	15.00	50.00	34.34	26.24	23.63	3.16	5.14	4.26	0.64	1.12	3.18	34.80	57.57	57.58	708.45	947.12	500.86
72	216	497093	7077824	1	50.00	20.00	34.76	26.73	25.71	3.17	4.83	3.15	0.69	1.43	3.50	35.32	58.39	58.38	739.36	1003.13	492.98
73	217	495912	7100632	0	0.00	25.00	33.02	36.90	35.86	23.04	25.98	13.22	0.65	0.51	1.27	24.03	23.60	42.36	259.49	399.57	567.59
73	218	495863	7100570	0	0.00	80.00	32.85	35.53	36.11	22.85	25.47	11.24	0.52	0.56	0.95	24.26	23.86	42.75	280.51	394.70	555.07
73	219	495827	7100454	0	0.00	10.00	32.86	33.88	36.32	22.43	24.37	9.54	0.60	0.61	1.27	24.41	24.35	42.35	297.54	373.98	512.54
74	220	498174	7099995	0	0.00	20.00	46.77	54.04	74.97	15.03	21.85	24.94	0.46	0.41	0.32	22.00	16.63	0.75	219.11	236.31	0.00
74	221	498155	7099837	0	0.00	10.00	46.38	51.99	74.99	14.38	20.63	22.40	0.53	0.41	0.95	22.04	17.17	2.78	230.75	210.12	16.90
74	222	498212	7100147	0	0.00	0.00	47.29	56.49	73.50	15.58	22.93	26.50	0.43	0.36	0.32	21.95	15.92	0.00	217.76	242.41	0.00
75	223	501368	7100986	0	5.00	0.00	55.32	74.62	80.28	19.52	18.50	14.58	0.19	0.25	0.32	14.28	13.72	4.68	87.87	62.21	0.00
75	224	501449	7101111	1	10.00	0.00	56.19	73.70	78.21	19.86	18.82	11.67	0.18	0.20	0.32	14.16	14.06	5.79	84.92	56.80	0.00
75	225	501529	7101234	1	45.00	0.00	57.06	72.82	75.33	20.18	18.95	9.07	0.15	0.15	0.32	14.08	14.04	6.72	82.03	51.39	0.00
76	226	502752	7099409	0	5.00	0.00	50.64	52.87	70.46	16.83	16.67	8.43	0.18	0.20	2.86	11.71	22.79	46.16	45.83	97.37	185.95
76	227	502741	7099299	0	5.00	0.00	49.97	52.32	71.65	16.60	16.31	7.73	0.13	0.20	1.59	11.84	22.57	45.81	47.31	105.48	253.56
76	228	502739	7099188	0	5.00	0.00	49.24	51.70	72.99	16.40	15.90	6.19	0.13	0.20	1.59	11.88	22.19	44.12	47.92	110.89	338.08
77	229	501472	7102144	1	30.00	0.00	60.53	75.35	81.25	22.78	15.04	7.64	0.11	0.05	0.32	14.45	10.58	7.27	86.64	0.00	0.00
77	230	501371	7102146	0	0.00	0.00	60.19	75.92	82.17	22.90	15.07	8.52	0.11	0.10	0.32	14.71	9.83	6.24	92.35	0.00	0.00
77	231	501306	7102020	0	0.00	0.00	59.22	75.70	81.30	22.70	16.04	9.55	0.11	0.10	0.32	14.80	9.36	6.19	94.57	0.00	0.00
78	232	502750	7103575	0	0.00	40.00	62.69	59.62	87.38	27.60	29.25	8.77	0.18	0.05	0.64	11.09	13.25	16.55	31.79	2.38	0.00
78	233	502706	7103492	0	0.00	0.00	63.02	60.35	88.42	27.14	28.07	7.88	0.19	0.10	0.64	11.31	12.87	15.85	35.21	1.19	0.00
78	234	502815	7103494	0	0.00	0.00	62.78	58.90	87.37	27.59	29.40	8.88	0.15	0.15	0.64	11.14	13.21	16.28	30.56	0.00	0.00
79	235	502460	7102445	0	20.00	0.00	63.50	67.41	80.41	24.43	17.70	5.52	0.10	0.05	0.32	12.44	14.10	18.93	60.75	0.00	0.00
79	236	502474	7102558	0	20.00	0.00	63.67	66.62	83.44	24.71	18.68	4.93	0.10	0.05	0.64	12.33	13.78	17.43	57.94	0.00	0.00
79	237	502524	7102678	0	0.00	0.00	63.81	65.38	85.93	25.00	20.02	5.35	0.10	0.05	0.32	12.32	13.62	16.76	52.73	0.00	0.00
80	238	498291	7102299	0	30.00	0.00	52.02	59.84	94.58	27.19	26.20	5.42	0.22	0.46	0.32	17.10	7.87	0.00	196.36	201.66	420.12
80	239	498290	7102424	0	0.00	35.00	52.11	59.75	96.32	27.79	25.00	3.68	0.25	0.46	0.32	16.95	8.60	0.00	199.33	196.86	420.12
80	240	498280	7102556	0	0.00	20.00	52.13	59.43	96.62	28.52	23.94	3.38	0.23	0.41	0.32	16.91	10.04	0.00	196.49	195.63	420.12
81	241	505078	7081747	0	0.00	0.00	33.25	46.09	77.60	14.45	13.22	13.20	0.59	0.87	0.64	25.83	23.96	18.27	1307.58	1741.22	1798.99
81	242	505171	7081748	0	0.00	0.00	32.58	45.66	81.60	14.77	12.65	11.08	0.51	0.66	0.64	25.57	23.32	13.69	1276.90	1698.83	1743.20
81	243	505276	7081725	0	0.00	0.00	31.92	44.89	85.34	15.11	12.12	8.72	0.55	0.76	0.64	25.50	22.94	10.43	1234.85	1649.74	1810.12
82	244	505736	7081717	0	10.00	0.00	29.53	42.12	96.90	15.84	11.70	3.00	0.46	0.56	0.32	25.08	19.78	0.70	1152.66	1436.28	1128.65
82	245	505687	7081775	0	5.00	0.00	29.66	43.07	97.42	15.70	11.78	2.58	0.48	0.61	0.32	24.91	20.44	0.00	1164.94	1459.57	1015.49
82	246	505558	7081812	0	5.00	0.00	30.16	44.35	95.83	15.49	11.87	2.65	0.46	0.56	0.32	24.81	21.19	2.45	1195.59	1526.70	1510.02
83	247	504563	7083033	0	50.00	0.00	35.41	54.96	75.13	11.25	17.77	3.46	0.50	0.25	1.27	23.17	25.01	35.47	1301.27	1526.85	1989.60
83	248	504461	7083071	0	15.00	0.00	35.94	54.15	72.79	11.10	17.56	3.78	0.48	0.31	1.27	22.86	24.74	36.64	1322.58	1497.39	2037.07
83	249	504351	7083051	0	0.00	0.00	36.57	52.99	70.14	10.99	17.01	4.14	0.50	0.25	1.27	22.82	24.78	38.58	1347.66	1580.42	2286.72
84	250	504403	7085465	0	50.00	0.00	42.99	47.38	47.96	13.20	17.07	19.80	0.20	0.31	0.32	17.95	22.06	25.51	947.32	1168.07	1101.42
84	251	504448	7085571	0	25.00	0.00	42.94	47.30	48.18	13.17	16.97	22.49	0.20	0.41	0.32	17.59	22.07	21.47	918.65	1155.65	875.80
84	252	504488	7085695	0	20.00	0.00	43.00	47.42	48.63	13.17	16.95	24.57	0.18	0.41	0.32	17.25	22.02	19.32	865.08	1143.82	794.99
85	253	505327	7086975	0	40.00	0.00	38.88	41.83	62.32	12.48	19.20	30.33	0.23	0.31	0.32	12.03	12.47	4.49	510.17	666.64	1129.26
85	254	505309	7086885	0	10.00	0.00	38.95	42.18	61.89	12.65	18.88	31.74	0.14	0.31	0.32	12.19	12.52	4.33	526.53	687.34	1094.91
85	255	505282	7086780	0	40.00	0.00	39.00	42.58	61.68	12.82	18.60	33.31	0.17	0.20	0.32	12.53	12.64	4.09	544.72	717.60	928.48
86	256	499302	7101984	1	60.00	0.00	57.89	73.18	82.77	21.01	20.16	17.23	0.25	0.20	0.32	18.58	5.00	0.00	156.48	110.43	0.00
86	257	499196	7101995	1	10.00	0.00	57.59	71.80	84.99	21.37	21.06	15.01	0.31	0.15	0.32	18.45	5.02	0.00	161.94	120.03	0.00
86	258	499099	7102033	1	10.00	0.00	57.40	70.38	87.53	21.91	21.73	12.47	0.25	0.20	0.32	18.28	5.44	0.00	167.36	124.84	0.00
87	259	497931	7106416	1	25.00	0.00	49.32	46.51	61.70	30.19	34.95	24.69	0.06	0.51	0.32	8.88	22.87	35.24	115.88	190.09	295.66
87	260	498046	7106404	0	40.00	10.00	50.33	47.97	64.86	30.10	33.06	19.51	0.12	0.51	0.32	9.07	23.14	34.51	110.60	174.11	282.46
87	261	498184	7106363	1	25.00	0.00	51.63	49.52	68.10	30.04	31.00	13.38	0.08	0.36	0.64	9.31	23.75	34.57	105.33	151.48	237.78
88	262	498302	7092242	0	0.00	0.00	34.19	32.21	76.36	5.81	5.08	0.00	0.50	0.56	0.32	23.67	20.25	38.56	692.13	841.73	1593.89
88	263	498403	7092277	1	35.00	0.00	34.11	30.92	74.27	5.76	4.94	0.00	0.51	0.41	0.32	23.13	19.73	36.85	672.07	792.48	1582.60
88	264	498483	7092340	1	35.00	0.00	33.90	30.03	72.05	5.64	4.86	0.00	0.53	0.31	0.32	22.59	19.24	37.43	656.98	728.81	1522.29
89	265	494686	7088838	0	0.00	15.00	40.35	45.25	41.41	12.13	21.37	0.00	0.65	0.20	0.32	36.65	28.03	33.58	1041.00	1138.05	1789.99
89	266	494681	7088736	1	0.00	10.00	40.66	45.26	45.75	11.96	22.89	0.68	0.62	0.25	0.32	36.56	26.62	33.79	1040.94	1027.71	1906.27
89	267	494771	7088711	0	0.00	10.00	40.99	44.85	45.59	11.93	24.04	0.92	0.60	0.25	0.32	36.57	25.87	34.16	1035.79	1288.45	1908.96
90	268	495014	7092217	1	0.00	20.00	34.61	29.77	47.95	8.70	6.26	0.00	0.53	0.81	0.96	35.54	36.98	34.94	882.05	726.99	618.64
90	269	494920	7092254	0	0.00	20.00	34.55	29.53	45.79	8.63	6.24	0.00	0.53	1.02	0.96	35.90	37.43	36.08	881.34	582.21	616.92
90	270	494813	7092291	0	0.00	20.00	34.46	29.58	43.07	8.55	6.13	0.00	0.53	0.97	1.27	36.18	37.95	37.16	878.48	587.95	625.62
91	271	496693	7090254	0	10.00	5.00	40.32	38.05	58.38	12.52	6.47	2.71	0.47	0.66	0.32	29.98	26.21	11.62	872.88	1558.28	5164.89
91	272	496536	7090287	0	0.00	0.00	39.82	38.26	52.81	12.65	6.32	1.77	0.52	0.87	0.32	30.46	27.51	11.73	884.42	1513.01	4851.84
91	273	496418	7090307	1	10.00	0.00	39.53	38.26	48.77	12.76	6.18	0.84	0.53	1.02	0.96	30.87	28.62	12.56	893.15	1502.00	4667.33
92	274	497015	7089901	0	0.00	20.00	42.44	37.42	70.73	12.31	8.11	7.37	0.48	0.76	0.64	28.56	26.90	18.02	875.76	1648.13	4681.88
92	275	497026	7090006	0	10.00	15.00	41.97	37.76	69.05	12.33	7.53	5.63	0.41	0.66	0.64	28.53	26.63	18.43	858.18	1620.62	5080.28
92	276	497027	7090101	0	0.00	10.00	41.46	38.14	66.94	12.33	7.06	4.20	0.42	0.61	0.64	28.69	26.24	18.29	853.55	1610.35	5419.84
93	277	497285	7094625	0	5.00	95.00	27.01	41.47	61.32	3.86	13.27	18.90	0.47	0.76	1.59	26.68	33.76	24.50	601.02	613.57	873.69
93	278	497273	7094529	0	0.00	35.00	26.75	42.63	60.09	3.80	13.27	20.85	0.56	0.97	2.23	26.79	33.64	21.85	614.13	609.99	893.70
93	279	497272	7094417	0	20.00	20.00	26.46	43.97	59.46	3.84	13.27	22.82	0.52	0.66	0.64	26.95	34.14	20.23	638.31	668.11	855.81
94	280	501327	7082402	1	30.00	25.00	52.42	45.49	73.51	8.40	11.39	11.24	0.50	0.76	0.32	31.78	28.21	27.99	1560.49	2103.94	3070.52
94	281	501304	7082271	0	0.00	0.00	51.76	46.67	78.91	8.44	11.27	6.12	0.55	0.66	0.32	32.40	28.40	25.80	1570.69	2244.61	2852.62
94	282	501285	7082170	1	0.00	0.00	51.39	47.85	81.54	8.33	11.13	4.10	0.60	0.51	0.32	32.92	28.17	24.93	1581.59	2239.95	2928.84
95	283	503394	7077452	1	0.00	5.00	41.15	52.35	41.97	7.62	13.57	18.52	0.61	0.46	0.96	33.16	36.73	59.15	1223.98	1240.62	1594.19
95	284	503289	7077511	1	5.00	30.00	41.98	51.68	41.86	7.63	13.46	21.48	0.62	0.76	1.59	33.52	36.32	58.55	1254.14	1212.96	1665.70
95	285	503502	7077439	1	20.00	0.00	40.67	52.60	42.86	7.68	13.53	15.00	0.65	0.61	1.59	32.94	36.72	60.83	1213.90	1224.72	1608.75
96	286	504550	7077795	1	20.00	5.00	39.41	46.66	54.64	9.94	10.05	2.40	0.62	0.36	1.91	31.01	33.83	37.83	1158.83	1165.12	1295.91
96	287	504654	7077770	1	80.00	10.00	38.83	46.17	56.11	10.45	9.49	3.28	0.60	0.25	1.91	30.66	34.92	35.81	1136.66	1169.96	1282.55
96	288	504747	7077745	1	25.00	75.00	38.34	45.47	58.90	10.86	9.04	4.47	0.59	0.46	1.27	30.48	35.59	33.30	1114.80	1173.04	1258.68
97	289	501836	7077132	1	10.00	0.00	43.98	54.23	51.75	5.73	11.81	15.65	0.56	0.87	2.23	34.85	41.36	51.34	1190.69	1159.56	1514.86
97	290	501879	7077272	0	5.00	0.00	44.70	53.98	48.62	5.93	11.73	20.83	0.56	0.76	2.87	35.14	40.36	44.92	1228.31	1116.61	1647.68
97	291	501849	7077365	1	5.00	5.00	45.31	54.16	48.53	5.97	11.59	23.64	0.56	0.71	2.55	35.53	39.83	38.05	1249.23	1085.49	1425.88
98	292	501586	7075551	1	20.00	5.00	37.07	45.80	52.53	4.50	6.67	9.52	0.55	0.81	3.18	29.01	37.38	52.91	918.33	1069.39	1154.67
98	293	501692	7075542	1	10.00	5.00	36.96	46.82	51.31	4.55	6.82	10.37	0.69	0.66	3.50	28.61	37.52	49.33	909.32	1089.42	1306.07
98	294	501810	7075475	1	5.00	0.00	36.79	47.76	51.16	4.52	6.63	10.89	0.51	0.56	2.23	28.01	36.59	48.31	876.21	1094.11	1400.72
99	295	495309	7082779	0	0.00	0.00	47.13	64.41	76.71	9.33	1.03	0.61	0.52	0.66	0.95	36.45	42.38	32.77	899.49	937.02	600.86
99	296	495300	7082684	0	0.00	0.00	46.98	63.87	76.70	9.06	0.91	0.33	0.60	0.66	1.27	36.65	41.78	33.74	898.89	901.86	662.33
99	297	495287	7082570	1	10.00	0.00	46.92	62.93	75.61	8.70	0.84	0.03	0.60	0.46	1.27	37.11	41.14	35.45	895.80	850.61	706.10
100	298	495154	7084152	0	0.00	5.00	49.33	60.31	69.22	11.00	14.32	3.03	0.50	0.36	0.64	35.29	39.79	35.67	1012.67	977.99	19.90
100	299	495133	7084054	1	0.00	10.00	49.17	61.58	71.71	10.91	12.98	2.29	0.48	0.36	0.64	35.16	40.54	34.77	998.71	1012.55	9.95
100	300	495054	7083967	1	0.00	5.00	48.93	62.60	71.43	10.82	11.60	1.91	0.56	0.36	1.59	35.25	41.16	32.28	993.16	999.50	114.74
