ID	Rivername	Easting	Northing	Altitude	Forested	Date	Date2	FieldpH	pH	Temperature	SDI
27	CloonRiver	117294	161990	45	2	29-Jan-03	74	7.06	7.24	4.8	48.75776398
28	GreyggroveRiver	114989	165877	73	1	29-Jan-03	74	6.47	6.45	5.3	73.52941176
29	RiverfromLoughAbullaunduff	115931	182021	75	2	29-Jan-03	74	7.79	6.92	5.8	67.06349206
30	InaghRiver	120904	181242	72	2	29-Jan-03	74	7.62	7.09	5.9	53.1835206
31	AffickRiver	147715	184192	89	2	29-Jan-03	74	7.42	6.98	5.8	57.92349727
32	CorraRiver	159527	189332	60	2	29-Jan-03	74	7.72	7.36	5.9	40.57476863
33	KilluranRiver	157561	176617	68	1	29-Jan-03	74	7.42	7.24	6	47.66839378
34	BroadfordRiver	157351	172758	48	2	29-Jan-03	74	7.42	7.37	6.7	32.69961977
35	RiverBlackwater(Clare)	158982	165623	49	2	29-Jan-03	74	7.47	7.34	6.2	36.65123457
36	ArdcloonyRiver	167071	170498	65	2	29-Jan-03	74	7.85	7.65	7	29.79223834
37	LeamlaraRiver	184260	76940	55	2	03-Feb-03	79	8.01	7.72	6	29.67032967
38	KilthaRiver	195962	76148	45	2	03-Feb-03	79	7.77	7.56	6.5	29.34472934
39	DissourRiver	198352	80612	45	2	03-Feb-03	79	7.19	7.17	6.5	35.8490566
40	RiverTourig	201561	81488	48	2	03-Feb-03	79	7.67	7.34	7.1	38.70967742
41	GlenaboyRiver	199320	93470	30	2	03-Feb-03	79	7.79	7.49	7.4	29.43037975
42	GlenshelaneRiver	211768	100165	61	1	03-Feb-03	79	7.81	7.49	5.7	40.8045977
43	OwenagearaghRiver	183420	89152	77	2	03-Feb-03	79	7.63	7.45	5.6	26.35869565
44	KnoppogeRiver	182631	89168	73	2	03-Feb-03	79	7.78	7.81	6.3	25.26595745
45	RiverFlesk	181879	89855	69	2	03-Feb-03	79	7.54	7.45	6	27.95698925
46	OwenacurraRiver	185360	80574	69	2	03-Feb-03	79	7.66	7.49	6.3	32.03883495
47	TuoughRiver	151406	62151	78	2	06-Feb-03	82	7.29	7.56	7.9	28.05194805
48	OwenkeaghRiver	140570	47594	50	2	06-Feb-03	82	7.33	7.37	8.1	31.81818182
49	ArgideenRiver	132306	45553	50	2	06-Feb-03	82	7.36	7.28	8.4	42.08494208
50	RiverBlackwater(Cork)	129074	58432	101	2	06-Feb-03	82	7.58	7.38	7.6	43.9688716
51	RouryRiver	124333	38661	50	2	06-Feb-03	82	7.64	7.39	8.7	44.61538462
52	SaivnoseRiver	115070	41773	50	2	06-Feb-03	82	7.56	7.36	8.8	42.14559387
53	RiverIlen	111440	46656	53	2	06-Feb-03	82	7.57	7.4	8.8	46.84210526
54	DurrusRiver	99511	43916	74	2	06-Feb-03	82	7.5	7.27	9.8	45.35315985
55	OwennashingaunRiver	106118	45611	68	2	06-Feb-03	82	7.59	7.37	8.9	49.33920705
56	BreweryRiver	119507	48930	67	1	06-Feb-03	82	7.3	7.07	7.1	48.45360825
57	AughnaglaurRiver	288028	131679	45	2	11-Feb-03	87	7.49	7.5	7.2	36.76975945
58	OwenduffRiver	278587	120413	45	2	11-Feb-03	87	7.55	7.53	6.8	34.10404624
59	ArrigleRiver	262181	130072	109	2	11-Feb-03	87	7.37	7.34	6.8	34.3220339
60	PollanasaRiver	255908	124174	109	2	11-Feb-03	87	7.96	7.94	8.3	23.76237624
61	RiverMahon	234229	106021	102	2	11-Feb-03	87	5.97	6.24	5.9	66.66666667
62	RiverTay	231988	103981	105	2	11-Feb-03	87	7.21	7	8.1	51.2605042
63	DalliganRiver	230390	97920	95	1	11-Feb-03	87	NA	6.93	7.1	55.17241379
64	ColliganRiver	221474	97258	44	2	11-Feb-03	87	7.5	7.48	6.8	36.12565445
65	FiniskRiver	217568	99281	50	2	11-Feb-03	87	7.63	7.52	7.3	29.76190476
66	BallymacartRiver	224652	83802	94	2	11-Feb-03	87	7.5	7.49	6.9	40.86687307
132	GlenlackBurn	200700	419100	83	1	11-Feb-03	87	6.4	7.15	6.2	40.13794214
133	Owentocker	180900	389200	101	2	11-Feb-03	87	7.03	6.27	5.7	67.53020677
134	Owenree	183600	388900	160	2	11-Feb-03	87	6.11	6.44	6	69.43456963
136	CronanivBurn	192899	418963	97	2	11-Feb-03	87	6.18	6.01	5.6	66.33495453
137	Gweebara	194839	413968	196	2	11-Feb-03	87	6.24	6.13	4.2	54.43510273
67	ToonRiver	122439	70404	120	1	12-Feb-03	88	6.99	7	2.6	44.60784314
68	SullaneRiver	116151	75878	119	2	12-Feb-03	88	6.86	6.82	2.9	55.78231293
69	OwengarveRiver	119021	77663	149	2	12-Feb-03	88	7.56	7.37	3.4	44.79166667
70	BoohillRiver	120003	78613	159	2	12-Feb-03	88	7.3	7.2	4	51.85185185
71	RoughtyRiver	106334	75448	152	2	12-Feb-03	88	6.93	6.87	6.1	64.81481481
72	FinowRiver	100835	87303	64	2	12-Feb-03	88	7.11	7.07	6.1	67.34693878
73	ClydaghRiver	108853	81532	72	1	12-Feb-03	88	7.37	7.18	5.2	59.84848485
74	FoherishRiver	128005	81413	186	2	12-Feb-03	88	7.12	6.99	6.2	50.31847134
75	FinnowRiver	126741	87630	185	2	12-Feb-03	88	7.34	7.23	6.8	38.7434555
76	AwboyRiver	134997	79134	144	2	12-Feb-03	88	7.45	7.2	5.8	40.625
146	Bonet	181894	347205	105	2	12-Feb-03	88	8.42	8.71	7	22.83969974
147	Glenaniff	186700	349900	192	2	12-Feb-03	88	8.22	8.45	4.7	31.48602166
77	ClydaRiver	156623	92412	93	2	13-Feb-03	89	7.53	7.53	3.9	30.1754386
78	RossRiver	164775	98154	88	1	13-Feb-03	89	7.92	7.73	4.6	31.04693141
79	GlashaboyRiver	168267	80485	86	2	13-Feb-03	89	7.75	7.52	4.6	27.40524781
80	RiverBride	171346	89484	86	1	13-Feb-03	89	7.35	7.4	4.8	36.11111111
81	ButlerstownRiver	176214	79162	62	2	13-Feb-03	89	7.7	7.63	6.5	28.27988338
148	Owenbeg	156983	323193	126	1	13-Feb-03	89	7.72	7.85	3	30.23653575
149	Owenbeg2a	154300	324300	156	1	13-Feb-03	89	7.45	7.53	2.4	46.70419613
150	Owenbeg2b	154100	325100	171	1	13-Feb-03	89	7.43	7.35	2.5	60.15869288
194	EaskyRiver	139475	327654	134	2	13-Feb-03	89	7.71	8.71	4.7	35.85288382
200	EaskyL.Inflow	144897	322297	237	2	13-Feb-03	89	7.24	7.22	3.4	59.17417478
151	Unshin1	175500	318700	87	2	14-Feb-03	90	7.94	8.23	4.2	16.98820161
152	Unshin2	176700	315700	90	2	14-Feb-03	90	NA	7.92	4	18.67087016
207	BallinafadStr.	177226	308034	69	2	14-Feb-03	90	7.95	8	4	27.86964857
82	GaddaghRiver	83106	89136	75	2	17-Feb-03	93	7.03	7.24	5.9	47.24409449
83	CottenersRiver	76862	89086	83	2	17-Feb-03	93	6.21	6.64	4.8	63.73626374
84	CaraghRiver	69752	81797	114	2	17-Feb-03	93	7.42	7.17	5.6	65.18518519
85	RiverInny	62687	76903	65	1	17-Feb-03	93	6.72	6.67	6.3	70.99236641
86	CummeraghRiver	56044	70023	74	2	17-Feb-03	93	6.76	6.62	6.3	74.25742574
87	SneemRiver	67329	68720	42	2	17-Feb-03	93	6.89	6.91	6.4	69.53125
88	OwenreaghRiver	84018	78597	133	2	17-Feb-03	93	6.62	6.68	5.6	63.02521008
89	RiverSheen	95172	65044	56	2	17-Feb-03	93	7.11	7.08	6.3	64.22764228
90	GlengariffRiver	91806	56850	48	2	17-Feb-03	93	6.7	6.74	6.3	68.88888889
91	RiverOwvane	108859	59041	94	2	17-Feb-03	93	7.16	7.05	6	48.80952381
154	Swanlibar	214903	324876	194	2	17-Feb-03	93	NA	7.51	NA	36.19148212
193	ClooneRiver	216604	301868	123	2	17-Feb-03	93	7.8	7.88	4	19.04660265
195	StoneyRiver	198612	318434	60	2	17-Feb-03	93	6.42	6.94	2.2	25.33332864
197	YellowRiver(Cavan)	202901	322286	160	2	17-Feb-03	93	6.18	7.66	1.9	54.95117501
198	Owenmore(Cavan)	206201	326922	122	2	17-Feb-03	93	8.19	7.93	3	18.83584872
199	DiffagherRiver	191178	327236	72	2	17-Feb-03	93	6.92	7.06	3.1	49.77891788
92	OgenRiver	162917	108762	75	1	18-Feb-03	94	7.66	7.96	5.3	23.41597796
93	MorningstarRiver	166507	132389	88	2	18-Feb-03	94	8.42	8.43	3.6	13.55932203
94	ClareRiver	173000	159894	70	1	18-Feb-03	94	8.04	7.91	3.7	28.23529412
95	RiverBilboa	177457	151358	63	2	18-Feb-03	94	7.97	8.1	4.6	22.76923077
96	CahernahalliaRiver	182750	148273	65	2	18-Feb-03	94	8.26	8.28	4.8	20.66115702
153	Owengarve	155100	303900	71	2	18-Feb-03	94	8.24	8.04	3	21.62920058
155	Owenmore(Mayo)	134900	320100	73	1	18-Feb-03	94	8.53	8.33	4.1	21.32457744
160	Glenamoy	96902	334272	57	2	18-Feb-03	94	7.51	7.56	3.1	45.50677777
161	Glencullin(Mayo)	107738	336794	75	1	18-Feb-03	94	8.24	7.8	3.6	46.42468112
162	Glencullin(W.Mayo)	89937	326314	80	2	18-Feb-03	94	8.19	8.04	3.1	42.64065208
196	FeorishRiver	183500	316536	87	2	18-Feb-03	94	7.99	7.96	3.8	13.95710285
202	BarDeela	99156	312525	92	2	18-Feb-03	94	7.37	7.03	4	61.92379499
203	Glenglassera	102208	340043	74	1	18-Feb-03	94	8.07	7.72	3.1	56.45171525
204	GlenulraRiver	106652	339502	70	2	18-Feb-03	94	7.95	7.91	3.7	33.05921425
205	HeathfieldStr.	113265	335618	58	2	18-Feb-03	94	7.7	7.78	5.2	16.33019875
206	FlanaganStr.	180070	308921	79	2	18-Feb-03	94	8	8.08	7.1	23.55222539
217	KeerglenRiver	109386	333317	55	2	18-Feb-03	94	8.16	8.02	3.6	39.9814204
97	SmearlaghRiver	98127	123159	107	2	19-Feb-03	95	7.11	7.17	4	65.40084388
98	GaleyRiver	112600	135076	65	2	19-Feb-03	95	7.41	7.51	3.8	51.43884892
99	OolaghRiver	115080	130910	133	1	19-Feb-03	95	7.51	7.53	4.1	57.82608696
100	WhiteRiver	119468	146155	77	2	19-Feb-03	95	8.27	8.25	4.1	30.33268102
101	AllaughanRiver	122141	124700	140	2	19-Feb-03	95	7.58	7.66	4.7	54.67980296
102	RiverDuala	129092	110662	183	2	19-Feb-03	95	7.82	7.85	5	34.41558442
103	ClydahRiver	112035	114591	190	1	19-Feb-03	95	7.45	7.6	5.7	68.96551724
156	BeltraInflow	110076	295926	127	1	19-Feb-03	95	6.77	7.28	4	63.5655882
157	Clydagh	114276	296564	96	2	19-Feb-03	95	8.54	7.93	3.4	35.25545167
158	Little	127614	291121	91	2	19-Feb-03	95	8.22	7.82	2.7	21.8052726
159	Addergoole	112100	301900	111	2	19-Feb-03	95	7.77	7.65	3.5	42.91999501
163	Glore	144870	285164	56	2	19-Feb-03	95	8.2	8.09	3.7	13.07804084
164	Derrycraff	102399	270701	172	2	19-Feb-03	95	7.7	7.16	3.7	56.05133584
165	Aille	103355	270843	165	2	19-Feb-03	95	8.32	7.73	4	40.84690554
201	Owennabrockagh	107675	292873	92	2	19-Feb-03	95	NA	7.54	3.1	45.89161696
213	Dodder(Dublin)	311015	220233	187	2	19-Feb-03	95	NA	6.2	NA	68.9564674
104	BurncourtRiver	193073	118796	158	1	20-Feb-03	96	7.73	7.36	4.8	35.44303797
105	GlenaryRiver	217136	119425	65	2	20-Feb-03	96	7.04	7.04	5.1	57.75862069
106	RiverNeir	222100	113500	87	1	20-Feb-03	96	7.45	7.33	4	36.8852459
107	GlashaRiver	228910	119413	135	2	20-Feb-03	96	7.46	7.3	5.4	46.51162791
108	LingaunRiver	241856	129481	61	2	20-Feb-03	96	8.3	8.1	5.4	24.85380117
145	Owenwee	154500	380100	138	2	20-Feb-03	96	7.46	7.68	2.4	49.02642536
166	Glenlaur	91809	269479	115	2	20-Feb-03	96	7.96	7.16	3.2	58.55123233
167	Owenmore(Westport)	91482	274285	98	1	20-Feb-03	96	7.4	7.75	2.6	37.62796203
168	Glenummera	87157	267549	72	2	20-Feb-03	96	7.57	7.16	3.6	51.65841292
169	Carrownisky	82067	272385	72	2	20-Feb-03	96	7.92	7.29	2.3	54.16091306
170	Bunowen	85199	275087	73	2	20-Feb-03	96	7.72	7.4	1.9	55.06901263
171	FooeyAnon	93662	259202	136	2	20-Feb-03	96	7.46	7.1	4.2	36.2524727
172	Srahnalong	100019	261635	106	2	20-Feb-03	96	8	7.68	4.4	52.02630836
173	Cammaght	96325	256855	81	2	20-Feb-03	96	8.14	7.66	3.6	54.50264559
174	Dooghta	98477	254460	69	2	20-Feb-03	96	7.94	7.85	5	33.63177477
175	Joyce'sRiver	89562	259313	76	1	20-Feb-03	96	7.95	7.38	3.2	62.17784926
225	ClodyRiver	286174	155341	126	1	22-Feb-03	98	7.39	7.26	11	43.74273121
226	ClodyTrib.	285828	156078	175	2	22-Feb-03	98	6.62	7.49	11.3	32.17664902
109	DripseyRiver	145704	81122	150	2	24-Feb-03	98	7.21	7.03	7.6	41.26984127
110	GlenRiver	143504	89404	200	1	24-Feb-03	98	7.13	7.15	7.4	47.94520548
111	OwenaglugginRiver	141336	89791	215	1	24-Feb-03	98	7.07	7.08	7.3	51.44927536
112	RiverLaney	138085	82370	235	1	24-Feb-03	98	6.76	6.89	7.2	53.95683453
211	GlencullenRiver	319105	219463	195	2	24-Feb-03	98	7.32	7.66	5.6	45.82917339
113	OllatrimRiver	197594	181251	100	2	25-Feb-03	99	8.05	8.03	7.5	19.3236715
114	ClodiaghRiver	198171	165020	151	2	25-Feb-03	99	7.85	7.93	6.9	25.76923077
115	MulkearRiver	183503	168442	198	1	25-Feb-03	99	7.62	7.82	7	32.56880734
116	MulteenRiver	191901	153008	196	2	25-Feb-03	99	7.66	7.8	8	22.34042553
117	AughnaglannyRiver	198147	149305	120	2	25-Feb-03	99	8.13	8.1	7.8	20.37617555
118	AttychraanRiver	188039	118785	119	1	25-Feb-03	99	7.14	7.4	8	33.79310345
119	ErkinaRiver	234125	177769	90	2	26-Feb-03	100	7.98	8.18	7.8	10.86956522
120	RiverSuir(headwaters)	213547	177594	120	2	26-Feb-03	100	8.05	8.17	7.5	10.78582435
121	MunsterRiver	235059	152429	142	2	26-Feb-03	100	8.03	8.15	7.3	22.58064516
122	LittleArrigleRiver	256744	139870	39	2	26-Feb-03	100	8	8.1	8.6	26.51006711
123	AnnerRiver	228617	140671	75	2	26-Feb-03	100	8.1	8.22	8	23.26869806
124	ClashawleyRiver	219910	136269	79	2	26-Feb-03	100	8.1	8.19	8.8	15.98360656
125	RiverAra	195587	133088	78	2	26-Feb-03	100	7.83	7.9	9.5	28.30725462
126	ThonogeRiver	198345	122303	120	1	27-Feb-03	101	6.18	6.48	7.7	61.81818182
127	GeeraghRiver	182860	119070	288	1	27-Feb-03	101	7.33	7.55	7.9	28.43137255
128	AtherlowTrib1	191456	128205	141	1	27-Feb-03	101	7.58	7.75	7.9	26.9058296
129	AtherlowTrib2	198001	128376	86	1	27-Feb-03	101	6.34	6.51	7.8	60.90909091
130	GlengallaRiver	207834	112099	86	1	27-Feb-03	101	6.94	7.15	8.5	50.89285714
131	RiverDuagTrib	202762	111400	179	2	27-Feb-03	101	6.71	7.06	8.6	61.11111111
176	Athdown(Liffey)	307947	214487	251	1	07-Mar-03	109	6.04	6.42	7.1	53.34980138
179	CloghogeRiver	314365	209944	402	2	19-Mar-03	121	6.52	7.3	4.6	61.53701138
180	BoleyhorriganBr.	316277	208655	498	1	19-Mar-03	121	7.05	6.52	4.4	69.28876262
181	Vartry(V4)	318876	206938	556	1	19-Mar-03	121	6.06	6.12	7.4	67.33900939
182	Vartry(V1)	319288	204005	598	2	19-Mar-03	121	7.26	7.34	6.9	58.55566656
183	BallylowBrook	306795	213374	304	2	19-Mar-03	121	6.33	6.98	7.5	67.17255427
184	BallydonnellBrook	306037	212993	128	2	19-Mar-03	121	7.36	7.14	7.1	66.39464605
185	Brown'sBeckBrook	293285	198469	245	2	19-Mar-03	121	7.01	7.54	8.6	35.21051383
186	Glenmacnass	311362	203005	654	1	19-Mar-03	121	6.66	6.53	6.2	65.67338675
187	Glendassan	309376	199273	703	2	19-Mar-03	121	6.84	7.13	8.2	26.21089365
188	Glashboy	306632	201662	750	1	19-Mar-03	121	6.79	6.69	6.1	61.71702525
189	Annalecka	305646	201890	780	1	19-Mar-03	121	5.48	6.18	7.6	61.64543759
190	Ballinagee(Kings)	303631	202401	880	1	19-Mar-03	121	6.09	6.95	8.8	59.90362322
209	SheepbankBr.	315331	209503	413	2	19-Mar-03	121	7.54	7.8	5.7	59.18602616
212	GlenealoRiver	308822	196227	134	2	19-Mar-03	121	7.12	7.1	6	59.05085215
214	Liffey	302276	216126	176	2	19-Mar-03	121	NA	7.49	NA	40.9858547
218	Aughnabrisky	281082	148428	140	2	22-Apr-03	155	7.25	7.24	11	47.31449678
220	Aughavay	285128	144721	92	2	22-Apr-03	155	6.47	7.38	10.3	35.22355554
221	Urrin	286391	148568	109	2	22-Apr-03	155	6.18	7.04	10.6	54.63346178
227	BallycarneyStr.	299100	150400	150	2	22-Apr-03	155	7.44	7.24	10.8	39.08950535
228	Glashna	289755	149781	84	2	22-Apr-03	155	5.88	7.67	12.1	34.39861131
229	YellowRiver(W.Meath)	253187	236942	72	2	28-Apr-03	160	7.74	8.32	11.3	6.309373859
230	Camoge	224065	269183	77	2	28-Apr-03	160	8.3	8.67	10.3	11.38070803
231	Annadale	203509	309972	63	2	28-Apr-03	160	6.92	7.68	10.6	23.2201325
232	Aghacashlaun	204877	310890	61	2	28-Apr-03	160	7.36	7.49	10.1	32.06174212
233	Blackwater	215461	319636	84	2	28-Apr-03	160	6.51	6.53	9.6	40.68135849
234	Bawnboy	220952	317782	43	2	28-Apr-03	160	7.17	8.13	12.4	14.26681217
235	TempleportL.Str.	223063	317614	59	2	28-Apr-03	160	7.43	7.72	10.3	27.25168509
236	Scotstown	260071	339709	83	2	28-Apr-03	160	6.98	7.58	10	23.11730091
237	MountainWater	262703	343961	100	2	28-Apr-03	160	7.54	7.78	10.1	16.69610067
238	LarahRiver	252923	311257	62	2	29-Apr-03	161	7.94	8.54	10.6	20.9631229
239	DrumkerryL.Str.	266288	299803	139	2	29-Apr-03	161	7.13	7.99	12	30.15551903
240	ChapelL.Str.	261054	293539	104	2	29-Apr-03	161	8.12	8.61	12	40.60874893
242	Annalee	272328	305928	92	2	29-Apr-03	161	7.28	7.76	10.4	20.86764442
243	Big	315353	309769	97	2	29-Apr-03	161	7.98	8.22	10.5	21.03820786
244	WhiteMountain	295802	284439	134	2	29-Apr-03	161	7.62	8.38	11.5	11.99675082
245	White	301400	284600	116	2	29-Apr-03	161	8.11	8.76	10.4	18.3816896
255	BallycreenBrook	311604	183153	150	1	03-May-03	165	6.27	7.24	10.8	41.80367845
246	DouglasRiver	292755	181638	112	2	06-May-03	165	7.23	7.23	11.8	15.83906985
247	MineRiver	297775	163973	56	2	06-May-03	165	6.83	6.83	11.8	28.553749
248	PennyBrook	290949	161321	53	2	06-May-03	165	7.41	7.41	10.4	23.67213807
249	Carraioge	304968	177164	104	2	06-May-03	165	6.87	7.53	11.4	35.96293656
250	ScotlandBrook	298281	180719	134	2	06-May-03	165	6.91	7.45	11.8	28.37256647
251	Derren	298178	181059	124	2	06-May-03	165	7	7.64	11.7	36.90167644
252	DerryWater	307483	174981	63	2	06-May-03	165	6.98	7.39	11.9	35.61278522
253	Coolboy	306972	167502	120	1	06-May-03	165	7.19	7.19	11.4	48.18107928
254	DerryRiver	301800	174800	55	2	06-May-03	165	6.8	7.14	11.2	36.30357547
256	OwRiver	305572	186129	189	1	06-May-03	165	6.5	4.92	12.1	58.49126668
257	CarrickBrook	299800	175280	54	2	06-May-03	165	7.2	7.1	12.9	34.50067103
